0 422966.59375 4554076.0 435381.6875 4567130.0
1 391834.0 4558338.0 398417.6875 4566859.0
2 428143.3125 4563130.0 431347.6875 4566276.0
3 425928.40625 4562797.0 426201.5 4562935.0
4 590248.0 4539516.0 598949.8125 4549963.0
5 593391.1875 4548564.0 593737.875 4548806.0
6 238559.703125 4516627.0 257156.203125 4544541.0
7 589857.3125 4540079.0 590789.1875 4540667.0
8 609871.3125 4536687.0 611461.125 4538635.0
9 585696.125 4536451.0 586650.0 4537977.0
10 595713.6875 4534054.0 597556.625 4535515.0
11 601228.375 4532901.0 602787.5 4535363.0
12 598995.375 4532854.0 600350.3125 4535211.0
13 609212.1875 4533319.0 610255.875 4533928.0
14 245929.0 4527906.0 246344.40625 4528569.0
15 398460.59375 4519128.0 400922.1875 4522122.0
16 245415.796875 4506581.0 257310.0 4521176.0
17 307721.8125 4504888.0 318314.8125 4519846.0
18 253135.796875 4517902.0 254195.296875 4519250.0
19 255034.59375 4515255.0 255341.90625 4515538.0
20 676150.625 4514069.0 677320.0 4515293.0
21 674266.375 4513401.0 676195.125 4514699.0
22 457035.1875 4511261.0 461187.8125 4514530.0
23 303487.8125 4508161.0 307419.3125 4513158.0
24 421774.6875 4500124.0 433351.5 4506573.0
25 444907.3125 4497454.0 465835.3125 4504819.0
26 291521.59375 4498852.0 293215.0 4500690.0
27 291761.5 4493988.0 296075.90625 4497913.0
28 267293.59375 4484781.0 273271.1875 4492295.0
29 384158.5 4486512.0 387863.6875 4489339.0
30 316008.3125 4443572.0 336931.0 4462102.0
31 615675.625 4420367.0 618753.5 4423943.0
32 613025.875 4416504.0 615021.625 4417989.0
33 228463.296875 4391530.0 235526.296875 4397653.0
34 231033.703125 4395706.0 231856.0 4396720.0
35 193994.796875 4375557.0 195997.796875 4376662.0
36 191600.90625 4371480.0 192510.90625 4372498.0
37 194428.796875 4367368.0 194786.09375 4367908.0
38 188944.796875 4366885.0 189254.703125 4367213.0
39 189655.796875 4364091.0 190370.40625 4366295.0
40 301487.40625 4345103.0 308289.90625 4357551.0
41 227118.90625 4347334.0 227953.09375 4348141.0
42 226593.703125 4345540.0 227193.5 4345868.0
43 224433.203125 4337217.0 225048.5 4337988.0
44 220423.0 4335046.0 220982.90625 4335307.0
45 221512.09375 4334441.0 221912.703125 4335000.0
46 221991.59375 4333245.0 223793.40625 4334379.0
47 220244.796875 4331986.0 221533.296875 4333051.0
48 272227.90625 4302111.0 295632.3125 4331692.0
49 424231.90625 4316989.0 425049.5 4317468.0
50 281612.1875 4313837.0 281792.59375 4314015.0
51 237914.203125 4312945.0 238158.296875 4313116.0
52 218956.796875 4310196.0 220656.296875 4312367.0
53 283199.40625 4307967.0 284210.1875 4309009.0
54 223205.40625 4304309.0 227188.40625 4308543.0
55 226407.796875 4306821.0 226820.59375 4307334.0
56 226383.59375 4305508.0 226500.59375 4305673.0
57 226726.90625 4305130.0 226894.40625 4305319.0
58 267685.1875 4291130.0 277488.8125 4304753.0
59 252700.5 4288412.0 256773.796875 4301741.0
60 256997.59375 4279324.0 259867.90625 4284505.0
61 276645.40625 4264732.0 295709.8125 4275416.0
62 268588.09375 4268656.0 273994.1875 4273458.0
63 335981.59375 4262687.0 342643.3125 4271140.0
64 439077.40625 4254405.0 446926.90625 4258656.0
65 431635.3125 4248038.0 442457.8125 4254123.0
66 510108.5 4242827.0 512771.59375 4246464.0
67 488793.1875 4223838.0 491941.8125 4226732.0
68 465001.40625 4208056.0 465214.3125 4208395.0
69 274854.1875 4193266.0 282572.5 4200583.0
70 277638.1875 4194512.0 277814.40625 4194729.0
71 362596.1875 4189116.0 366052.40625 4191697.0
72 320896.3125 4179152.0 327084.3125 4181577.0
73 287216.8125 4152791.0 289159.5 4155102.0
74 441154.0 4153095.0 441867.8125 4153980.0
75 291599.09375 4092053.0 293669.6875 4093563.0
76 524698.6875 3909070.0 525473.625 3910170.0
