0 127.61352697208062 37.33939515645339 127.67342650428142 37.319750500741165
1 127.69039481350924 37.30898254174701 127.56780617578934 37.24281825820137
2 127.55425436701955 37.24727378835829 127.5309916238288 37.36342754199831
3 127.55934047858884 37.341909701420285 127.51989136561639 37.333646702196084
4 127.69950896669303 37.28647800093799 127.53337180043931 37.34361264342053
5 127.68586741757503 37.31257512320441 127.5726748653235 37.37890372584297
6 127.62926508188946 37.35206084581581 127.71279679627158 37.351391045829196
7 127.60779543435491 37.35649739618629 127.7065158129339 37.224317964138216
8 127.67382158699837 37.22783733367557 127.70082483825686 37.23872182821865
9 127.71873800435995 37.27120598092536 127.67969123669425 37.17198312795459
10 127.49268141332348 37.352456664928134 127.4190090089489 37.39176689645136
11 127.72296546713457 37.348711848179846 127.64391346259661 37.35751231542437
12 127.71211941814154 37.232441802214325 127.46060060730193 37.4189962354284
13 127.52653242645883 37.354398801581354 127.4540504956677 37.38742797936801
14 127.66049978400582 37.18274353985296 127.68407598329011 37.20083112625072
15 127.60892425211713 37.35650112017799 127.62251503599566 37.34753404265416
16 127.57942969893791 37.382532264856664 127.6210838660428 37.40790337565714
17 127.56030143689694 37.37074860297779 127.6731737966156 37.37832186472222
18 127.63013093600514 37.17454278991845 127.61098718714823 37.394354220769735
19 127.68448787983826 37.37294582764383 127.60415893199793 37.40424373058425
20 127.57591055094984 37.40594831316974 127.54903567488688 37.176966268836956
21 127.5488282376972 37.40134290859381 127.6630876820704 37.36117268234886
22 127.6290264099649 37.40071967747651 127.62570046157751 37.38809382894711
23 127.70471628486143 37.397327624539074 127.54768255834706 37.40404183543363
24 127.61991500522711 37.19073097016023 127.53662079431862 37.18142416945988
25 127.55909778900798 37.18961984586678 127.53649451158742 37.20214963444062
26 127.5535032002845 37.18329105080426 127.53647253615816 37.20575405563696
27 127.54881655885748 37.213911703744444 127.54888607802195 37.20219732281214
28 127.60263838183505 37.263665641441776 127.63074967728792 37.279075349236365
29 127.62166096227051 37.292563511469616 127.6747171140289 37.281907168047475
30 127.5742655680209 37.29690865661479 127.65640431051418 37.341329163562975
31 127.59211831481261 37.33301577988255 127.56213422989596 37.24910533688522
32 127.66061217540299 37.15751206284462 127.64514368916142 37.33588939989382
33 127.66158197269485 37.192659085587216 127.68857094743086 37.20354636921048
34 127.54662769079684 37.20308985537744 127.5588206794375 37.237378497294316
35 127.68041256601926 37.26840581341844 127.63435400429273 37.23312928251861
36 127.5666224839922 37.25272627784529 127.64203907366634 37.276406535967496
37 127.69089353135486 37.186430906020284 127.52948441934737 37.242672647834375
38 127.6621236663798 37.32422446291558 127.63056532745226 37.31692161894889
39 127.63194289496462 37.26556226212758 127.64964940965997 37.337704994608124
40 127.54392021077712 37.27877368834224 127.56647834348773 37.277957066486344
41 127.58444651459851 37.29153803224002 127.54994160223802 37.40405042912165
42 127.6115563551056 37.2835197378133 127.42674305421725 37.4143318566743
43 127.56455398578728 37.22027829574126 127.68076824097545 37.18370077589381
44 127.52102553251943 37.33275017912419 127.60933802697656 37.27630352399029
45 127.58778104442487 37.300560796395516 127.57647105276473 37.30592767507953
46 127.69637411134607 37.224292519299574 127.67722142326201 37.22334097020994
47 127.71863453611287 37.29914043739753 127.56953370227964 37.33563935777902
48 127.74694194504546 37.26676368366372 127.73238603315862 37.23789585712428
49 127.44378094564402 37.401797751129806 127.62222247176183 37.40610480893503
50 127.69968709315665 37.241422339511296 127.44724196912222 37.39190190662888
51 127.64342478950749 37.22144218968474 127.62111759412137 37.175415553828906
52 127.5612001681948 37.41040029045626 127.60151568285525 37.26276076156512
53 127.44362142118375 37.42342319773591 125.95812729935881 34.710929715314194
54 125.97237651922978 34.708463641099854 126.14264409203253 35.00050195542722
55 126.24563123849319 35.05070437508832 126.11508435843253 35.0081890758023
56 126.1486664125253 34.976258589682416 125.96008820090054 34.71997563381519
57 126.20744884835585 34.94198851658879 126.09930794296139 34.742055523151265
58 126.24225314869534 34.95241140571983 126.25035384974224 34.93179766494328
59 126.34052003163568 34.856446849984025 126.29784993022918 34.857660226274895
